%  conversion to atomic units from whatever

e0 = 6.579683920711d6;     %  Ghz

w0 = 2.194746313702d5;     %  cm-1

t0 = 3.1577513d5;          %  Kelvin

xk0 = 2.625499638d3;       % kJ/mol  (Wikipedia)

l0 = 5.2917721067d-9;      %  cm

tau0 = 2.418884326509d-17; %  sec

xm0 = 5.48579909d-4;       %  electron mass in amu

f0 = 5.142206707d9;        %  V/cm

d0 = 2.541746;             %  Debye (Wikipedia)

b0 = 4.701035100d9;        % inverse Bohr magneton (gauss/au)

ge = 2.002319304361;        % electron g-factor

alpha = 7.2973525664d-3;   %  fine structure const.

hbar = 1;                  %  in atomic units

muB = alpha/2;   %  Bohr magneton in au

%  universal truths, in SI units
kB = 1.3806e-23;
hbarSI = 1.05457e-34;
AMU = 1.6605e-27;
Hartree = 4.359744e-18;
auLength = 5.29177e-11;
